1.08586667
0.53806667
-0.446
-0.53506667
-0.16026667
-0.106
-0.29173333
-0.15266667
0.03633333
-0.04413333
-0.1824
-0.1238
-0.02886667
-0.0178
-0.035
-0.0822
-0.18626667
-0.22773333
-0.1386
-0.00046667
0.0492
0.0386
0.03306667
-0.02573333
-0.10906667
-0.1576
-0.1134
-0.01526667
0.0556
0.12526667
0.18873333
0.06213333
-0.14226667
-0.16913333
-0.07793333
-0.0752
-0.2272
-0.42806667
-0.44093333
-0.22033333
0.16346667
0.62853333
1.12493333
0.6342
-0.4428
-0.57613333
-0.1648
-0.0848
-0.28713333
-0.16446667
0.0196
-0.04746667
-0.17366667
-0.13013333
-0.03813333
-0.0278
-0.02353333
-0.05813333
-0.1754
-0.23313333
-0.14366667
-0.01453333
0.0444
0.05346667
0.04606667
-0.01973333
-0.10433333
-0.16286667
-0.1284
-0.02933333
0.05113333
0.12633333
0.20106667
0.0734
-0.13746667
-0.17233333
-0.0822
-0.0568
-0.21833333
-0.42493333
-0.449
-0.25526667
0.12346667
0.57033333
1.08586667